{"nbformat":4,"nbformat_minor":0,"metadata":{"colab":{"name":"rosalind_ba7a.ipynb","provenance":[],"collapsed_sections":[],"mount_file_id":"1g4knP4X7jj1lXO-CI808YnBWG0sHZARs","authorship_tag":"ABX9TyOyhwepc0N5owTJYvNoGApg"},"kernelspec":{"name":"python3","display_name":"Python 3"}},"cells":[{"cell_type":"code","metadata":{"id":"_9UZ3yiuyRLv","executionInfo":{"status":"ok","timestamp":1606885196827,"user_tz":360,"elapsed":946,"user":{"displayName":"Wanxiang Liu","photoUrl":"","userId":"00795219226621924772"}}},"source":["import sys\n","\n","file = open(\"/content/drive/MyDrive/Colab Notebooks/Rosalind/rosalind_ba7a.txt\")"],"execution_count":6,"outputs":[]},{"cell_type":"code","metadata":{"id":"b3WAMGek0Z0o","executionInfo":{"status":"ok","timestamp":1606885196828,"user_tz":360,"elapsed":944,"user":{"displayName":"Wanxiang Liu","photoUrl":"","userId":"00795219226621924772"}}},"source":["def adj_get(i, j):\n","  if adj_mat[i][j] != adj_mat[j][i]:\n","    print(\"Error! Matrix not mirrored\")\n","    return\n","  return adj_mat[i][j]"],"execution_count":7,"outputs":[]},{"cell_type":"code","metadata":{"id":"1MQw1UTq0dsf","executionInfo":{"status":"ok","timestamp":1606885196828,"user_tz":360,"elapsed":940,"user":{"displayName":"Wanxiang Liu","photoUrl":"","userId":"00795219226621924772"}}},"source":["def adj_set(i, j, v):\n","  adj_mat[i][j] = v\n","  adj_mat[j][i] = v\n","\n","data = file.readlines()\n","num_leaves = int(data[0])\n","num_nodes = int(data[-1][:data[-1].find(\"->\")]) + 1\n","adj_mat = [[0 for i in range(num_nodes)] for i in range(num_nodes)]\n","\n","for line in data[1:]:\n","  mark1 = line.find(\"->\")\n","  mark2 = line.find(\":\")\n","  start = int(line[:mark1])\n","  end = int(line[mark1 + 2:mark2])\n","  weight = int(line[mark2 + 1:])\n","  adj_mat[start][end] = weight\n","\n","for i in range(num_nodes):\n","  for j in range(i, num_nodes):\n","    limb = adj_get(i, j)\n","    if limb == 0: #test the comments\n","      continue\n","    else:\n","      for x in range(num_nodes):\n","        other_limb = adj_get(x, j)\n","        if x == i or other_limb == 0:\n","          continue\n","        elif adj_get(i, x) == 0:\n","          adj_set(i, x, other_limb + limb)"],"execution_count":8,"outputs":[]},{"cell_type":"code","metadata":{"id":"_GQMCtFG0hwY","executionInfo":{"status":"ok","timestamp":1606885196829,"user_tz":360,"elapsed":939,"user":{"displayName":"Wanxiang Liu","photoUrl":"","userId":"00795219226621924772"}},"outputId":"7cc6905a-9faf-46aa-8908-9a785443317c","colab":{"base_uri":"https://localhost:8080/"}},"source":["for i in adj_mat[:num_leaves]:\n","  for j in i[:num_leaves]:\n","    print(j, end = \" \")\n","  print()"],"execution_count":9,"outputs":[{"output_type":"stream","text":["0 140 217 67 203 162 195 70 34 79 229 61 127 38 60 60 33 249 83 247 158 229 43 73 81 240 101 153 131 177 47 110 \n","140 0 93 97 79 38 71 84 158 71 105 185 35 162 104 184 127 125 85 123 34 105 167 197 205 116 65 29 23 53 115 44 \n","217 93 0 174 28 73 50 161 235 148 34 262 112 239 181 261 204 54 162 52 79 34 244 274 282 45 142 92 100 62 192 121 \n","67 97 174 0 160 119 152 27 85 36 186 112 84 89 31 111 54 206 40 204 115 186 94 124 132 197 58 110 88 134 42 67 \n","203 79 28 160 0 59 36 147 221 134 40 248 98 225 167 247 190 60 148 58 65 40 230 260 268 51 128 78 86 48 178 107 \n","162 38 73 119 59 0 51 106 180 93 85 207 57 184 126 206 149 105 107 103 24 85 189 219 227 96 87 37 45 33 137 66 \n","195 71 50 152 36 51 0 139 213 126 62 240 90 217 159 239 182 82 140 80 57 62 222 252 260 73 120 70 78 40 170 99 \n","70 84 161 27 147 106 139 0 88 23 173 115 71 92 34 114 57 193 27 191 102 173 97 127 135 184 45 97 75 121 45 54 \n","34 158 235 85 221 180 213 88 0 97 247 51 145 28 78 50 51 267 101 265 176 247 33 63 71 258 119 171 149 195 65 128 \n","79 71 148 36 134 93 126 23 97 0 160 124 58 101 43 123 66 180 24 178 89 160 106 136 144 171 32 84 62 108 54 41 \n","229 105 34 186 40 85 62 173 247 160 0 274 124 251 193 273 216 32 174 30 91 28 256 286 294 23 154 104 112 74 204 133 \n","61 185 262 112 248 207 240 115 51 124 274 0 172 39 105 27 78 294 128 292 203 274 30 22 30 285 146 198 176 222 92 155 \n","127 35 112 84 98 57 90 71 145 58 124 172 0 149 91 171 114 144 72 142 53 124 154 184 192 135 52 48 26 72 102 31 \n","38 162 239 89 225 184 217 92 28 101 251 39 149 0 82 38 55 271 105 269 180 251 21 51 59 262 123 175 153 199 69 132 \n","60 104 181 31 167 126 159 34 78 43 193 105 91 82 0 104 47 213 47 211 122 193 87 117 125 204 65 117 95 141 35 74 \n","60 184 261 111 247 206 239 114 50 123 273 27 171 38 104 0 77 293 127 291 202 273 29 39 47 284 145 197 175 221 91 154 \n","33 127 204 54 190 149 182 57 51 66 216 78 114 55 47 77 0 236 70 234 145 216 60 90 98 227 88 140 118 164 34 97 \n","249 125 54 206 60 105 82 193 267 180 32 294 144 271 213 293 236 0 194 16 111 48 276 306 314 23 174 124 132 94 224 153 \n","83 85 162 40 148 107 140 27 101 24 174 128 72 105 47 127 70 194 0 192 103 174 110 140 148 185 46 98 76 122 58 55 \n","247 123 52 204 58 103 80 191 265 178 30 292 142 269 211 291 234 16 192 0 109 46 274 304 312 21 172 122 130 92 222 151 \n","158 34 79 115 65 24 57 102 176 89 91 203 53 180 122 202 145 111 103 109 0 91 185 215 223 102 83 33 41 39 133 62 \n","229 105 34 186 40 85 62 173 247 160 28 274 124 251 193 273 216 48 174 46 91 0 256 286 294 39 154 104 112 74 204 133 \n","43 167 244 94 230 189 222 97 33 106 256 30 154 21 87 29 60 276 110 274 185 256 0 42 50 267 128 180 158 204 74 137 \n","73 197 274 124 260 219 252 127 63 136 286 22 184 51 117 39 90 306 140 304 215 286 42 0 22 297 158 210 188 234 104 167 \n","81 205 282 132 268 227 260 135 71 144 294 30 192 59 125 47 98 314 148 312 223 294 50 22 0 305 166 218 196 242 112 175 \n","240 116 45 197 51 96 73 184 258 171 23 285 135 262 204 284 227 23 185 21 102 39 267 297 305 0 165 115 123 85 215 144 \n","101 65 142 58 128 87 120 45 119 32 154 146 52 123 65 145 88 174 46 172 83 154 128 158 166 165 0 78 56 102 76 35 \n","153 29 92 110 78 37 70 97 171 84 104 198 48 175 117 197 140 124 98 122 33 104 180 210 218 115 78 0 36 52 128 57 \n","131 23 100 88 86 45 78 75 149 62 112 176 26 153 95 175 118 132 76 130 41 112 158 188 196 123 56 36 0 60 106 35 \n","177 53 62 134 48 33 40 121 195 108 74 222 72 199 141 221 164 94 122 92 39 74 204 234 242 85 102 52 60 0 152 81 \n","47 115 192 42 178 137 170 45 65 54 204 92 102 69 35 91 34 224 58 222 133 204 74 104 112 215 76 128 106 152 0 85 \n","110 44 121 67 107 66 99 54 128 41 133 155 31 132 74 154 97 153 55 151 62 133 137 167 175 144 35 57 35 81 85 0 \n"],"name":"stdout"}]}]}